409.46
211.19
393.87
179.81
394.6
175.21
394.14
312.39
294.24
323.43
246.25
173.69
226.41
359.92
226.67
392.18
396.13
301.19
405.51
358.89
372.84
199.43
293.4
245.11
396.24
297.56
311.91
252.22
242.24
414.25
301.71
356.84
355.76
242.71
224.88
227.6
386.23
180.95
384.6
358.66
193.63
253.79
210.07
327.08
198.45
199.8
407.44
241.71
301.83
323.24
361.08
348.67
216.1
391.91
345.9
362.14
406.32
283.66
199.02
391.27
186.69
232.09
294.27
219.67
419.67
354.34
318.81
360.3
407.62
408.25
323.94
276.29
173.72
393.48
227.48
381.93
189.29
371.69
380.78
255.65
228.3
227.31
240.37
211.31
276.89
420.67
247.02
292.97
218.79
287.48
245.42
294.89
365.31
219.22
286.02
297.6
362.31
313.52
332.72
315.13
836.56
1481.27
786.72
1659.3
1205.38
625.04
1269.42
1438.34
763.5
1291.04
743.39
1437.74
1460.16
1463.02
1540.6
1305.94
824.21
738.98
1231.75
746.79
1632.48
1594.39
880.83
1178.53
754.04
1588.53
818.51
760.1
646.52
814.58
1421.55
970.08
1050.89
889.58
1284.95
782.07
1122.45
1357.09
1324.26
946.28
732.54
1070.52
1085.82
766.0
937.99
1335.31
1560.04
1500.13
931.11
1466.2
898.47
1488.01
1048.44
1376.84
1182.15
814.89
1182.99
1218.22
756.11
725.41
1297.51
614.53
1121.0
820.1
1423.31
1405.55
766.04
735.86
1691.42
524.88
781.57
897.27
823.06
1137.81
1133.86
1442.09
1549.65
734.16
693.06
750.95
1436.52
866.62
854.16
1703.31
998.53
1099.36
750.11
932.8
844.62
1376.97
1489.85
1270.64
1002.82
608.39
522.69
1120.97
991.55
700.18
720.44
928.07
1870.92
1586.67
1648.4
1021.76
1488.84
1923.17
1169.48
962.77
1210.85
1705.28
1509.78
1407.5
1480.7
1114.84
1731.22
1713.03
1579.21
1136.03
1860.07
1582.19
1074.74
1391.1
1906.15
1778.68
1635.61
1324.18
1233.47
1622.3
1040.87
1668.24
729.62
1508.41
1117.19
1606.24
1060.64
1765.65
1123.05
1611.16
1526.72
1524.1
1150.38
1484.57
839.89
1478.99
1667.23
1697.29
1808.09
1841.64
1627.77
1736.02
1298.66
1260.66
1854.27
1595.64
1844.45
1069.01
1459.46
907.53
1468.39
1203.55
1542.17
1759.62
1846.12
1336.72
1585.65
1763.4
1730.44
1285.77
1414.59
1881.52
1546.29
1764.47
1445.39
1207.53
937.82
1000.55
1846.85
1421.31
1520.36
963.64
1921.13
1190.75
1505.81
1880.86
1295.32
1775.22
1801.77
1213.07
1699.0
1189.61
1827.73
1818.9
1939.19
1925.43
1096.05
1462.67
971.93
1956.62
1633.67
1723.19
1349.48
1017.79
1297.77
860.91
1280.6
803.43
1021.76
1368.25
1347.29
1467.81
1021.28
1186.04
1043.65
1187.16
1171.52
908.98
1004.85
725.3
1102.84
1076.2
1427.43
896.12
810.98
1249.54
1415.94
1145.12
1263.48
1475.17
1119.93
1030.33
623.24
728.28
726.48
1886.35
1316.35
776.53
768.68
675.53
981.38
1073.51
677.53
813.26
1268.24
1317.81
949.15
1041.96
1236.81
639.3
973.77
1238.31
1724.9
1071.08
695.69
1158.92
652.23
780.66
1237.4
1354.13
638.45
755.82
782.14
1152.25
1762.94
1336.08
639.21
1612.55
1499.86
910.57
748.31
1173.38
1032.49
1122.03
1369.04
1325.22
1305.51
1149.37
1250.75
651.91
812.76
1259.83
821.35
996.44
1286.01
624.55
1149.41
831.21
1874.68
580.15
902.9
1342.08
693.93
990.99
792.54
1329.54
1671.41
1156.39
1276.44
862.08
1111.03
1538.83
987.9
691.19
911.4
1095.73
870.97
634.06
947.69
951.46
561.25
1148.76
691.6
1043.17
838.2
1003.76
771.94
657.88
1295.06
584.54
1426.89
553.81
1091.98
586.85
860.44
853.81
724.4
826.76
1212.68
805.88
568.07
1329.94
573.13
830.01
1044.96
1029.59
676.61
1655.1
855.12
952.88
838.75
996.7
1008.0
913.23
586.93
644.95
609.01
1119.28
638.56
838.7
1132.39
725.71
360.3
376.33
415.87
657.93
1165.31
643.0
956.65
832.75
528.12
822.87
974.39
851.13
904.44
738.8
1213.76
486.95
975.59
1161.3
1162.59
387.67
816.45
1062.36
1199.75
1117.54
804.44
847.11
1117.02
1009.5
922.64
523.56
624.48
822.25
357.08
385.27
802.73
705.38
1081.84
848.92
761.0
981.74
609.46
596.36
449.36
825.91
434.03
382.88
1118.62
737.99
809.53
841.52
1061.29
901.76
691.28
374.76
1004.37
357.29
847.71
630.49
909.8
623.56
901.95
730.26
644.76
512.33
380.13
837.33
788.24
1202.24
894.09
515.97
994.33
846.69
1225.47
511.28
690.22
546.16
658.21
775.03
878.59
390.53
653.33
978.27
750.4
694.87
380.49
774.78
973.92
379.92
1069.66
643.34
758.01
1108.1
658.93
379.78
530.23
510.13
1192.07
1075.8
484.6
840.75
1390.19
1096.11
1128.01
1369.1
1132.05
526.57
733.15
749.57
1163.9
1289.43
824.02
1244.99
945.01
701.3
1393.03
756.63
717.98
641.95
942.65
1311.2
635.75
693.32
878.0
1478.83
1287.55
762.54
1419.39
731.03
1277.01
737.1
678.62
1055.62
630.0
655.69
812.62
1397.67
1318.83
982.56
1067.65
1259.69
1441.17
940.57
1055.44
1458.91
828.48
1262.79
1210.29
1274.02
800.64
1138.47
1408.65
779.11
1490.78
1222.37
616.23
1361.87
830.92
661.81
764.23
1456.36
826.7
1205.48
1122.67
1465.71
1376.41
804.58
1062.6
1181.77
1321.13
664.42
1428.87
512.8
1268.42
532.19
920.88
1131.74
1293.23
758.3
1427.39
1053.24
780.09
711.02
807.86
1335.65
933.63
690.02
1408.18
1239.1
844.16
1417.87
560.34
1211.42
699.83
1007.5
981.67
1135.02
706.19
1270.54
1292.21
826.91
1794.56
1875.3
1904.27
1874.27
1775.36
2006.3
1882.27
1897.53
1972.64
1896.91
1903.7
1863.24
1681.89
1917.42
1832.4
1927.99
1799.11
1882.27
1823.29
1741.3
1692.27
1791.05
1904.11
1886.07
1834.16
1779.1
1833.9
1920.23
1731.28
1912.09
1813.81
1870.75
1861.72
1888.0
1919.61
1743.53
1721.69
1934.94
1880.35
1723.85
1774.97
1951.72
1890.09
1761.73
1773.72
1884.15
1803.53
1764.99
2121.23
1941.88
1748.87
1872.5
1760.29
1858.63
1998.32
1822.26
1881.87
1960.72
1747.42
1763.4
1799.72
1844.19
1812.76
1838.16
1886.98
1846.62
1857.86
1763.49
2017.45
1725.94
2006.48
1874.19
1850.75
1913.16
1799.63
1928.39
1800.65
1927.99
1885.72
1747.41
1877.93
1767.82
1872.46
1860.47
1895.37
1788.18
1884.16
1715.11
1768.74
1926.67
1740.21
1881.18
1993.91
1727.07
1855.79
1803.57
1912.5
1982.34
1726.84
1764.57
1361.83
1170.1
987.32
1925.42
1402.37
777.88
1306.21
1393.98
638.13
1366.22
2016.77
1516.3
1767.69
1733.13
1469.2
1969.33
1738.29
1770.67
1847.32
1586.89
1371.76
2043.36
1725.04
1841.21
1494.04
1392.02
1564.64
874.42
1914.62
1493.55
1730.39
1569.1
1852.22
1062.8
1406.24
1987.91
692.01
1889.4
1617.5
507.58
1848.63
1849.08
1197.26
768.12
1325.43
1736.64
1940.79
778.02
1622.13
1462.4
1542.73
1276.23
1349.96
1962.55
1591.96
1051.79
1463.44
1863.48
1357.81
1978.88
1293.19
1106.8
803.76
242.25
1310.32
1220.54
1143.15
1950.82
1367.85
885.59
1369.48
1374.11
1350.78
577.33
1522.55
1569.86
1490.55
1646.87
547.56
1570.22
1300.12
1001.09
1475.17
1723.22
639.32
1554.64
1335.08
1655.77
983.58
1838.73
1978.46
871.0
1248.88
1334.52
1451.34
1698.26
1846.76
1266.03
928.12
1194.53
1536.53
1798.31
1616.7
1811.34
1866.15
1837.67
1826.87
1779.09
1331.53
1770.47
1382.37
1040.29
1137.82
1409.92
1424.47
1344.81
1437.33
1421.3
1404.63
1589.09
853.18
1509.71
1710.86
1268.42
1202.12
2075.29
1231.73
1630.98
1455.24
1854.11
612.08
1453.08
1344.06
1040.14
660.42
1419.43
1057.5
1129.9
1764.26
1233.39
829.83
1275.33
825.12
1848.28
1088.77
1895.29
1908.93
1140.53
805.24
1627.05
1600.89
1502.33
1879.67
1999.62
1459.36
736.94
1515.8
611.65
1173.66
1827.49
1877.71
815.54
667.13
1326.89
1600.38
1142.27
843.58
1625.79
1527.87
1938.81
1849.72
1953.99
979.1
1930.63
1348.78
1416.83
1675.19
2001.12
1644.99
1698.58
1005.97
1907.41
1792.69
1595.22
1639.79
1418.22
594.88
1034.1
821.47
1363.3
1963.57
1857.83
1303.7
1296.34
1092.1
1424.88
1711.82
1685.06
1231.01
1664.82
1473.74
1353.19
1937.72
1489.61
1051.41
1657.53
1379.94
1561.27
1580.86
1964.0
1425.75
1656.19
1739.26
1481.6
1712.83
2066.85
1877.4
1987.19
1494.56
1038.32
1070.44
2103.1
1884.89
1938.67
1290.11
1685.95
918.4
580.95
1394.56
1617.55
1153.96
1137.3
1253.76
1837.32
1946.94
1587.67
1863.45
1967.64
2011.36
1787.77
1486.2
1587.86
1806.58
1406.97
1992.86
1585.53
1218.16
1751.26
1781.0
1853.52
690.41
791.75
1904.28
1603.13
1692.93
2080.78
1556.22
1994.98
1523.34
1966.66
1293.94
1819.47
782.6
1361.05
1688.22
1656.92
1173.22
1507.31
1122.33
1858.28
1524.86
884.83
1546.13
1813.26
838.04
1265.93
1680.0
1868.52
1800.94
1294.12
980.83
1004.55
902.29
1384.25
1431.88
809.38
1724.53
1035.06
1143.1
1708.21
1514.29
1065.88
1869.41
1295.25
1097.37
1461.94
629.78
1392.15
1222.67
1736.86
804.63
1361.71
970.84
1972.76
1424.0
1559.89
1744.61
1699.59
929.61
1897.4
1773.64
1102.38
1225.82
1593.0
1609.9
1187.05
1703.27
1688.75
1732.99
1556.75
1419.54
1690.39
795.54
1406.71
1320.87
1575.41
1285.32
1584.95
1786.83
859.52
1520.6
1308.72
1768.72
1612.54
1385.18
677.35
1194.11
1894.06
1708.07
873.59
1837.1
1229.04
1186.51
1739.37
1482.74
1454.06
552.26
1066.46
1840.07
1418.17
993.04
953.63
1831.63
1140.67
1471.1
1814.78
1574.27
1460.99
887.91
1873.95
1675.32
1704.15
1801.18
1522.09
1505.32
1555.45
1768.05
784.5
1753.43
1654.37
1495.26
1395.86
1882.07
843.9
1618.82
1381.13
1896.33
1869.11
1462.83
1550.42
1445.77
1867.05
1641.44
1008.39
949.6
1242.69
1227.35
1432.82
1767.03
1978.62
1436.6
1230.22
1295.07
1137.76
1435.81
1159.81
1856.81
1793.23
1809.92
1211.84
1630.38
1597.12
323.08
2017.7
1375.78
1604.94
1643.72
1731.48
1860.46
975.08
673.64
1234.93
723.79
1801.85
1711.14
1775.26
524.14
1408.13
1665.55
1505.22
1620.3
1477.05
1274.72
1804.21
1097.23
1563.25
1509.73
1476.76
1951.84
1754.17
784.96
1645.28
628.85
1563.34
1932.56
1753.6
790.22
1432.79
1277.73
982.34
1743.99
907.02
1604.75
1533.27
1680.21
1972.35
1787.92
1516.07
1211.18
1125.05
1664.33
1290.94
1498.36
1319.68
677.06
1165.28
1372.58
1010.76
1842.18
1284.43
1889.35
601.32
1735.25
1502.41
1839.43
1744.96
430.42
896.82
1748.54
665.58
1128.04
1446.57
1446.94
1754.74
1345.39
1860.2
1298.39
1688.05
843.6
1480.73
1434.49
1165.57
1475.85
1543.35
1521.16
475.64
1141.69
751.82
1405.15
1538.33
1003.84
1193.08
899.66
1092.22
1111.56
1623.1
1864.81
1938.69
1908.81
1366.22
1908.97
1831.7
1027.14
1274.88
800.47
1211.13
1550.9
1190.73
1812.26
1959.21
1543.57
798.0
1462.44
1267.94
1662.69
1605.64
1916.81
1274.71
1711.9
787.36
1456.32
1250.48
998.89
1516.04
1336.6
1679.95
1759.16
940.18
1337.75
1540.31
756.44
1648.09
1331.74
886.48
1801.21
1428.51
1980.38
1194.74
583.42
1103.88
1477.8
1903.06
1734.48
1713.28
1329.19
1354.94
1632.42
1652.93
1379.07
1426.5
1896.78
1368.02
1592.62
1400.93
1682.9
1946.51
1837.31
1961.43
1271.34
1052.54
1201.52
1408.58
1560.43
949.9
1891.51
1487.66
877.86
1468.88
1867.55
1497.95
1191.01
969.32
1502.3
1255.55
788.87
1345.65
908.18
1384.3
1238.22
1217.14
1633.21
996.01
1364.83
1273.05
1144.87
1507.05
1726.11
786.08
1688.49
1199.5
545.18
1143.29
962.72
1431.55
1023.99
1675.93
1265.59
1373.69
1005.29
1729.49
1252.85
1601.91
1193.47
1600.83
1990.22
1937.8
1624.9
1377.73
664.27
1758.05
1475.79
1483.97
1320.02
1650.85
1836.33
1548.68
1483.06
1467.54
1058.69
1969.29
1896.3
1940.19
1151.52
1416.52
1756.77
1589.2
1468.62
696.3
1838.27
1393.37
1715.31
1393.27
1016.31
1752.76
1714.35
1365.56
1893.75
1515.87
1579.37
762.32
1439.08
2072.91
1454.98
1648.17
1924.04
1643.7
1404.84
1874.18
1385.71
1533.65
1462.93
1497.22
1541.72
1974.7
910.47
739.33
1863.16
1481.52
1252.97
521.84
1348.79
860.13
1000.95
1799.77
963.92
1557.7
1718.19
1784.65
1378.23
1835.72
1421.72
1143.94
1460.55
1809.31
1521.76
1663.52
1599.85
1381.04
866.54
1480.6
1462.76
1201.32
1430.67
1716.18
1591.36
1197.51
1652.67
1436.98
1599.28
1774.51
1066.39
1898.46
1450.29
1858.12
1040.75
1875.49
1527.36
2022.59
1253.55
1118.6
1905.14
1754.46
1493.62
1003.92
1347.04
1862.01
1526.31
1676.14
1342.91
480.66
1631.02
1091.22
1333.08
1325.81
2046.81
1267.35
1408.75
1671.68
1126.3
729.13
1321.04
1404.79
1388.19
1568.45
1034.01
1171.41
1397.74
1346.51
1522.9
1479.0
1913.51
1467.06
1234.02
961.66
1463.14
1754.61
1566.99
1436.39
1506.35
713.27
1536.12
1145.38
820.43
1326.83
1634.76
1656.47
1820.48
1313.8
1684.76
872.05
1581.0
1870.84
1106.26
1890.97
1263.49
1783.52
712.19
605.77
1470.65
1110.9
1855.42
1309.71
1915.21
1572.62
1299.5
1673.37
1202.24
920.45
1871.52
1641.28
637.97
1217.39
846.41
1186.71
930.78
1424.66
1510.39
1501.52
1894.88
728.18
780.99
638.96
1379.77
1059.74
1602.71
1040.76
2145.72
1622.56
312.27
1510.83
1212.45
652.27
1209.98
1457.43
918.91
1758.02
1865.07
1699.71
885.83
365.13
1449.78
1166.13
1514.48
1494.69
1167.9
1703.08
450.02
655.04
1717.97
1621.44
737.02
868.16
1149.82
1443.35
1438.32
1392.09
1774.25
459.1
1333.97
815.32
1445.07
1540.9
1772.91
1613.91
1544.76
1881.31
1384.07
1920.57
1245.34
1633.23
915.5
1425.23
1476.84
853.33
1601.6
1639.07
1540.84
1694.7
1514.67
1737.02
1462.54
1246.2
1268.53
1212.05
866.77
1733.64
1581.55
1453.28
1381.52
2094.87
1840.1
1826.32
443.41
1157.58
1203.42
2018.55
1462.36
1017.96
1513.61
943.33
1882.63
1759.8
2003.32
1639.71
1492.97
997.52
2009.19
1713.84
515.11
1292.76
933.55
1321.23
1457.86
1498.37
1368.26
1635.31
1423.32
1744.8
1319.94
1048.8
1363.95
1544.07
756.14
1452.99
1559.06
1071.87
646.18
918.66
1312.79
1087.22
1514.15
1057.17
1779.18
1704.1
554.34
1562.81
1430.79
1397.29
1263.75
1236.46
1711.16
1493.31
1853.45
2075.13
1847.88
1550.16
1362.08
1197.34
1508.12
1496.21
1703.3
1741.63
703.2
1752.89
1874.54
1898.93
1667.41
1290.7
1336.83
1128.13
1025.87
1768.92
650.7
399.02
1065.64
595.59
1368.62
1026.89
950.27
762.72
948.48
1460.97
1376.49
688.68
1325.06
1808.02
928.7
1746.09
1874.02
1376.65
1667.0
511.26
1464.62
1531.32
974.43
1253.9
1362.48
1168.11
1936.06
1403.96
1455.75
735.22
2208.02
1250.57
1881.65
1225.02
1341.5
1276.77
1524.6
755.2
1323.64
503.83
1294.63
1746.82
1910.51
523.3
1764.36
754.89
1127.32
1038.96
1232.68
1752.13
1426.75
1516.43
1596.53
978.05
802.18
1212.32
1867.61
1820.56
1158.31
1916.38
1940.64
1611.54
902.65
1534.15
1522.2
801.59
1552.83
1126.02
1616.37
1358.12
1389.56
1681.3
1638.93
1363.02
1709.87
1802.31
1651.29
1407.82
1181.78
1538.03
1820.9
1034.73
1720.24
1249.96
975.3
1647.52
1538.43
1892.72
1101.63
1300.64
1271.42
1149.6
1837.14
1239.13
2007.86
640.49
1351.0
1354.42
1393.95
1474.63
1714.02
1834.53
1547.88
1254.8
1318.04
1718.11
1912.32
604.69
1885.86
823.87
932.21
1736.2
1063.97
1485.15
689.33
1828.71
1552.47
1941.03
1953.1
1323.18
1628.2
1511.58
1979.14
1656.58
1473.99
930.14
896.2
1552.1
843.47
1761.45
1498.89
1346.31
2067.84
1636.4
1631.98
1503.19
1100.35
1811.81
1731.13
1941.05
665.37
1066.19
1070.59
1467.4
1799.37
1702.03
1532.43
1860.35
1614.17
1444.97
1580.01
1704.28
1557.6
1907.94
1054.85
1269.54
861.55
1680.75
1653.39
1693.39
695.68
1290.7
836.02
1194.19
1210.65
1226.37
548.9
1361.96
1251.5
1618.47
1192.35
564.04
1141.46
1605.95
658.56
700.97
1606.8
1725.77
1323.9
1713.38
1678.9
1750.44
1601.14
1574.58
1581.42
1302.3
1788.71
1595.49
1235.02
805.63
1252.18
1134.97
1457.49
628.09
1552.14
1731.79
1675.22
1368.78
1410.72
974.01
1706.55
2066.89
1421.34
1198.34
1835.48
1149.57
1207.85
1426.53
1598.09
977.03
1212.89
1819.97
1811.97
1910.85
1476.97
1599.62
1754.01
1617.47
1937.1
1673.97
1657.87
1676.39
1295.13
1805.77
1422.52
1562.77
1448.08
1471.21
1533.22
1412.05
960.74
722.57
1700.7
1652.69
1160.78
1102.21
1118.19
1440.78
1231.34
639.3
716.25
1565.73
1705.14
1558.36
1481.82
2003.6
1851.78
1986.06
1259.45
1422.14
1031.14
1248.99
1104.57
1770.28
749.25
1646.0
1041.69
1592.76
1850.49
1389.8
1591.71
987.4
1508.34
1735.86
595.47
1320.12
1238.34
1462.73
1573.96
1520.4
811.36
1431.47
1475.04
241.38
790.82
1877.65
1413.45
958.06
1232.83
1724.03
673.69
692.16
1830.15
1767.02
1626.92
1870.92
1997.58
1294.27
1592.74
1316.19
1815.03
1635.14
1567.69
1600.67
1898.21
692.41
1688.78
1144.75
1550.55
1514.51
952.45
1261.4
1516.31
1508.27
828.83
1404.72
1862.66
1441.13
967.04
1497.49
1376.2
1524.66
1838.23
1775.27
628.27
320.7
906.2
1615.96
1763.32
1825.58
1572.71
1473.59
1863.08
1705.4
1796.16
659.23
1709.42
1801.09
1562.98
1759.16
1904.74
1347.46
1886.12
1424.03
1233.31
1333.77
928.75
1523.06
1548.49
1726.73
1269.29
1360.86
381.54
1836.23
1404.22
1453.04
559.45
920.69
1859.32
1589.81
1739.73
1056.86
1887.91
1269.8
857.5
1658.51
1345.7
1023.13
561.48
1178.37
1768.1
1910.5
1330.56
643.73
1250.7
1089.42
1152.37
1760.3
1294.93
1463.45
1282.72
1490.81
1518.7
1803.59
933.05
1355.82
1872.48
1686.74
480.04
1997.52
1392.46
1946.9
1831.66
917.13
1091.94
700.62
1680.21
1707.14
849.61
1144.52
1814.96
571.48
1104.1
924.95
1597.29
1523.22
1892.56
987.13
1301.41
1194.39
1470.17
1902.77
792.31
1834.57
1342.35
1489.0
809.85
1517.68
1557.74
1882.58
1791.51
755.88
1595.5
1120.91
1869.71
1480.47
1578.22
1705.41
828.7
1102.02
1004.65
971.77
1436.95
1382.14
1498.69
1464.33
1411.84
1445.3
1252.69
1385.57
1509.92
1870.6
1103.16
1883.15
1617.13
1723.71
1414.69
1042.47
1444.68
1948.37
1727.93
920.68
1436.64
1537.99
1949.95
1601.3
1708.42
1747.16
1420.36
1448.39
1621.03
1801.11
1142.54
1490.01
892.14
1766.39
1826.08
475.96
1597.69
1927.61
1895.72
1438.53
1320.41
776.4
1099.28
1865.81
1238.16
1713.25
1213.71
765.04
1430.61
1574.78
1256.92
1739.43
1247.45
477.49
921.95
1702.6
1977.89
1742.28
1620.48
1915.5
1279.26
1475.54
1693.09
1627.64
1284.02
1524.87
1402.76
1653.22
1072.6
1587.71
1473.55
1176.87
959.83
700.99
1717.3
1201.67
1541.67
851.47
1179.03
1447.67
1599.25
1198.3
1284.14
1758.24
704.61
1941.73
1078.78
858.18
1686.52
1050.98
1640.18
1956.44
1106.63
1877.13
1823.01
1818.15
829.8
476.44
965.29
1460.79
1723.49
695.05
1801.86
1849.58
1230.45
1644.91
857.29
687.78
1667.65
813.21
237.67
1205.33
1781.24
1743.03
1658.21
1954.51
1628.02
1952.73
1706.8
1362.83
1336.51
1704.25
963.12
1514.02
1474.24
1857.21
1318.45
1709.33
1169.21
1606.15
1492.27
1282.17
1362.84
1107.83
1986.2
1067.79
1657.53
2093.45
830.15
1822.71
222.64
1982.31
1234.93
1747.26
1718.15
856.18
1827.59
1954.36
1595.45
1621.57
616.18
1497.18
1788.49
1491.88
1412.46
1837.94
978.36
1784.81
1487.09
1251.36
325.36
1883.56
470.16
337.16
1357.21
936.84
1793.27
1711.98
1509.15
1860.39
1541.01
1437.69
1607.35
1078.86
832.5
1788.04
1187.95
1474.56
1173.17
1340.31
1633.52
1696.49
1644.44
695.17
1455.47
1464.25
1840.18
1105.39
749.82
1207.96
1246.33
1352.76
1017.75
1612.53
1426.49
1706.36
846.32
1836.94
822.02
1937.48
1895.11
1523.23
1219.69
1451.8
909.67
1825.55
1356.43
964.25
1647.88
1043.56
894.23
592.29
1008.68
529.4
1885.98
1936.67
1547.48
1320.02
1210.8
548.98
1488.23
1803.72
1172.38
436.88
1560.31
1610.11
605.16
1337.29
821.46
992.87
1300.88
1944.21
1001.16
461.45
1241.03
1936.79
1499.98
1837.25
1930.02
1293.49
1582.1
1937.28
1260.57
935.52
1034.92
1744.0
1386.34
1645.35
990.43
1630.72
1827.67
1630.96
1119.79
1847.25
1817.63
1392.37
1734.83
1445.69
1033.71
1844.72
1392.02
1183.2
1521.99
1772.82
1433.57
535.98
1489.28
856.91
1057.58
295.83
1621.25
1896.94
1728.24
1260.14
1434.68
1712.63
1887.08
1528.98
1275.07
1463.2
725.91
1847.4
1813.32
1115.25
1727.31
1259.76
1775.49
1980.96
1599.85
653.61
1037.1
1547.18
1943.9
1468.08
1150.39
1524.98
1238.94
1122.88
1884.01
1540.11
1822.17
1572.28
1013.06
1852.71
1308.95
1682.44
1023.3
1575.05
1208.97
972.06
1506.56
1588.93
1542.33
1393.06
1759.64
1192.08
843.84
984.02
1783.4
1723.65
1637.43
1373.83
1273.36
1319.94
793.12
1917.11
1054.24
1886.95
967.74
1565.83
638.17
1486.01
1098.44
924.27
440.56
1754.88
1722.67
709.59
1236.74
1994.16
1832.13
1139.03
1904.94
1386.82
1616.61
1526.35
1451.55
2060.3
1036.45
669.11
1923.33
1646.92
1326.24
1751.32
2113.37
1519.66
1499.05
1635.37
1384.96
1218.44
1284.0
1294.18
1181.98
1430.45
1978.15
1542.67
1522.63
1660.52
1695.76
1300.29
1975.3
1066.54
1388.89
1409.03
1576.42
2022.34
606.87
1172.01
1362.62
2013.38
1710.9
1055.57
1872.85
1679.9
1705.14
1663.46
973.98
895.89
1765.73
307.02
1971.78
1963.42
1936.71
1727.52
1377.61
1536.54
1498.79
1860.64
369.9
1666.67
1288.73
1165.99
1963.64
1387.8
1260.65
1528.55
1688.2
1489.73
1486.17
1587.15
1425.06
1753.52
814.09
1391.71
1120.89
1215.24
672.66
752.86
867.35
1517.54
644.94
1119.69
868.87
1489.25
1843.22
1881.87
1572.26
1897.84
1502.53
1338.37
1669.79
1930.07
1078.76
603.78
1207.63
1743.53
1668.74
1748.81
1901.9
690.99
477.06
1785.26
1036.68
1770.17
979.84
1946.48
1166.9
1619.98
1278.34
1243.04
1288.35
1416.33
1947.53
1252.96
1913.89
1473.66
1491.32
1474.64
1548.49
1946.14
1701.33
1578.26
1159.42
2051.16
1197.61
790.26
1517.12
1251.22
1537.05
931.32
1291.27
1262.95
1707.01
1577.89
1912.17
1217.31
1385.48
1486.34
597.76
1635.13
1518.41
1930.76
1924.75
539.23
662.21
1613.38
1912.3
1144.55
1905.89
899.74
1220.06
1349.43
813.67
2062.5
1450.51
1051.94
1834.23
1803.06
1436.87
1013.61
772.78
1505.95
1592.92
1820.93
1533.82
1622.42
1657.78
1135.94
1873.77
1686.96
1523.25
1830.62
389.48
1717.4
1336.37
1723.05
638.93
781.91
1882.68
1831.98
1298.59
958.12
1540.16
1931.12
1734.19
1389.15
1552.2
1659.96
1173.57
1705.62
1645.32
1462.93
1246.68
1277.77
863.18
1745.35
1885.89
1446.38
1894.67
2065.77
1867.25
1498.56
1628.47
782.01
957.47
1440.31
788.69
1480.39
1399.19
1861.5
999.14
1868.45
1661.21
1622.35
1581.15
1470.96
1766.1
589.19
913.23
728.3
1413.22
796.32
1846.57
1649.87
1989.41
1579.93
1328.41
1139.79
476.54
974.64
1693.58
1483.91
1676.8
998.93
928.49
1422.0
1249.34
1421.19
1010.83
950.91
1490.81
1392.84
1941.63
879.43
1218.6
545.8
776.58
1695.05
1410.5
1791.8
1510.14
1622.87
1458.01
1831.38
1907.99
1152.43
1873.7
1526.25
1582.62
1010.13
1460.46
1734.16
403.51
1881.19
1875.11
1121.78
1500.79
1012.72
1727.09
1194.5
1520.12
1513.4
1470.75
707.56
1715.09
1605.77
1670.72
990.58
1094.37
1860.42
755.31
1740.59
1884.12
908.65
1317.44
1849.12
1520.47
842.96
1791.84
1200.35
1189.99
1195.18
1819.04
990.55
1320.72
1972.6
1507.62
1238.74
1693.4
1761.21
1355.34
1068.78
1461.75
1147.69
812.05
1248.08
1397.75
503.76
1641.95
481.09
1506.64
1265.08
1688.14
1689.32
1801.74
1465.76
1544.47
455.57
921.89
1407.29
1874.37
1224.55
1625.97
1836.94
1629.29
1330.57
1373.0
1223.28
1590.65
490.07
2050.09
1347.05
973.0
780.07
737.86
1950.72
1340.96
1370.05
1903.35
1834.5
1284.99
1643.0
1548.81
1058.06
1787.99
1601.1
1634.4
1671.38
1531.98
1940.69
1495.59
1679.11
1016.7
983.21
1719.52
1823.79
1458.02
977.49
2024.26
1418.27
1652.65
1603.24
1547.83
1510.51
1212.75
1530.01
1324.23
1961.21
1208.45
1735.08
1540.4
1542.32
2030.2
1312.81
1418.64
1494.29
1629.69
1475.11
986.85
1163.8
1590.67
1453.44
1841.44
1577.38
1265.45
992.28
1144.18
1043.77
1940.81
1518.71
1230.92
1875.86
1457.37
1733.93
2010.02
1838.55
1621.81
1645.0
1638.1
1174.17
604.91
1591.32
1935.34
1788.05
1670.58
2098.13
1697.48
1835.73
1300.62
1097.22
1216.84
1713.08
1599.13
1588.76
1216.47
1664.05
1594.81
905.79
1981.46
1385.35
1961.48
1945.76
1273.19
852.82
1567.9
1814.82
1736.1
1655.59
1155.5
1931.57
1815.05
1829.19
1207.4
1624.89
1992.76
419.96
688.02
1436.71
967.38
1344.65
1174.47
1826.79
951.34
1220.25
1287.17
1239.19
1730.02
1632.74
1357.02
1210.05
1674.26
1619.63
1518.24
994.46
1954.02
1438.07
1477.76
1328.53
1446.82
1711.9
1353.03
1192.45
480.7
952.79
1550.78
928.2
1440.59
1602.16
1545.93
1997.53
1875.29
1781.21
1643.97
1699.75
1421.54
1874.32
1487.82
1629.54
1905.4
2006.58
1456.9
1771.74
1501.94
1586.06
1830.93
1128.09
1088.35
1994.31
1844.15
1503.64
937.26
1645.97
2039.8
1538.0
1668.36
1525.14
1925.58
952.72
1561.97
755.83
1252.06
1647.84
699.21
1439.47
1653.29
1867.72
1829.85
1632.61
1264.24
1171.65
1384.08
2015.38
1855.35
1492.87
1795.41
1321.5
987.22
1676.94
1298.54
1558.81
1280.47
1507.82
1881.45
1924.37
1908.16
1514.46
943.13
1937.59
1221.81
1643.15
1270.19
1685.33
1173.52
1009.65
1221.09
1606.03
1434.46
1600.3
1038.66
1654.0
1682.96
1749.34
2006.62
1795.33
531.09
1330.32
1110.78
1408.17
2023.48
824.75
1646.26
1845.13
1078.03
1298.93
1957.93
1859.02
1473.8
1612.46
638.2
907.76
1219.73
1617.32
1526.45
1607.69
1618.34
1553.81
1348.65
1583.54
799.54
1646.56
1828.12
1886.58
1879.05
1821.56
1492.64
965.98
973.59
1485.68
962.27
1413.89
1478.28
1642.01
915.12
1674.03
1901.4
1118.78
1776.98
961.07
1030.85
1712.25
1319.36
1806.89
1831.27
1621.15
1013.74
1490.32
1032.19
1333.45
1581.46
1148.74
1719.39
1567.53
988.26
950.99
1444.8
1032.36
1978.98
1246.9
1263.44
1703.95
1425.16
846.84
1200.13
1498.79
900.38
650.63
683.73
530.39
1364.62
1852.62
735.55
1621.83
1736.74
1559.95
1566.33
1754.25
1885.47
860.34
1444.33
2017.03
1480.83
1665.95
1340.46
1432.01
1719.69
1314.37
1266.46
1029.61
1641.2
1664.92
1470.45
1234.18
1728.39
756.37
936.89
972.41
1691.19
1041.26
1283.8
900.86
933.69
1422.63
997.23
918.58
436.06
1587.75
987.66
889.14
1866.48
811.9
1901.7
1286.45
1654.3
1863.59
1460.17
938.18
1799.83
1795.39
1786.27
794.53
1084.93
1151.27
1578.17
693.19
1448.17
1743.66
1490.35
1871.08
1121.22
1060.06
1670.72
1544.29
2028.64
1864.69
1480.18
1742.32
1634.92
739.51
1639.86
1072.58
1789.04
930.64
328.6
901.67
1265.3
1635.51
1877.09
1028.91
1433.64
1387.58
877.83
1397.5
1644.1
1540.78
1573.1
1948.5
861.04
1607.85
805.62
1871.73
1238.63
1281.42
1020.41
1888.03
1310.12
1269.25
1980.64
1597.54
1237.61
1851.28
1533.22
1527.82
2053.71
1682.43
1242.46
1543.88
1319.85
1589.81
1299.3
1592.39
1221.87
1648.06
1602.7
1770.9
1853.58
2120.96
2067.76
740.09
1448.08
1812.93
1478.01
777.71
815.11
1142.1
1950.92
1335.67
1298.92
1834.22
812.27
1598.88
1589.69
1740.38
611.8
1050.23
1715.4
1745.31
879.14
1103.74
1954.37
1783.01
1726.4
1829.05
1275.73
627.46
1890.54
1412.75
1263.42
2035.45
1347.0
1828.33
1101.46
1682.01
1717.37
1803.16
1772.73
953.25
1678.14
1230.66
1623.76
1854.73
1380.57
1594.54
1461.84
1735.25
770.01
761.69
1235.17
1456.81
1827.15
1165.04
1870.61
1316.32
1442.71
1452.46
1411.67
1383.04
1170.12
1906.99
1943.65
1283.92
884.9
1133.87
1449.01
2120.41
913.23
1822.91
1375.53
2059.64
1421.62
1905.59
742.46
1619.91
1383.44
1100.99
1472.71
1137.72
929.24
1637.68
1244.91
1838.22
1496.87
1430.24
1658.95
1410.91
1525.3
1327.18
2128.05
1538.43
1518.66
1145.26
1237.3
1885.82
1632.73
1498.38
766.31
1391.49
1881.96
1573.73
1822.1
1992.41
865.28
1452.58
1782.84
1638.02
1114.01
1856.95
688.33
1536.82
1606.74
1463.03
1237.34
790.4
1173.01
1692.06
963.29
1611.87
1601.84
1501.01
1746.12
1264.35
1944.41
1642.48
1644.2
1583.08
471.25
1273.7
1153.71
1694.32
1805.13
563.65
1280.4
1330.37
1592.62
1891.77
1313.23
1877.45
1829.08
1041.08
1567.42
1904.72
1566.28
1505.86
1474.28
1201.04
1943.67
1456.46
1392.74
1446.37
1752.58
1398.92
763.28
1479.18
1841.6
966.62
1452.88
1580.98
1506.48
1506.54
938.8
790.4
1732.39
1721.59
1316.88
1155.11
1937.85
1521.37
1877.73
659.77
1537.66
799.02
1265.0
1415.16
937.36
913.0
1341.64
791.59
1860.12
1294.24
1307.22
1762.16
1316.24
1478.68
1494.41
1325.81
1319.77
1328.45
1212.39
1624.06
930.79
691.3
1027.3
601.09
2092.6
1684.97
1267.72
1311.2
460.95
1285.06
1400.01
1285.09
1210.77
2006.74
1303.22
1363.59
1531.95
1835.98
1729.64
1595.03
1682.58
1282.77
1852.87
1826.93
1431.19
1569.3
1448.41
799.32
1627.57
1265.12
1079.3
1956.28
1922.4
1838.11
1168.8
1618.5
922.29
890.71
1893.61
1257.25
1637.09
433.41
1326.28
1599.57
959.97
1640.26
1691.02
1863.67
324.3
1392.1
2017.16
1931.48
753.41
1352.87
1558.43
1895.56
1785.41
1949.95
1406.07
1489.36
820.2
1475.32
987.78
881.0
1471.46
248.96
1837.31
740.12
819.56
1580.02
1318.18
2003.71
1348.52
1867.23
1929.41
948.28
1862.41
1422.01
1994.22
804.04
696.7
1596.78
1723.2
1645.06
659.23
1772.5
2129.67
1174.12
1178.08
794.99
1703.83
1902.33
1665.91
2007.24
1673.88
1511.62
633.05
1165.68
1742.74
2050.99
1582.2
1821.57
819.49
1599.92
1370.48
1996.46
1296.25
1330.32
1670.61
1649.8
816.47
1758.16
1402.81
1516.0
1733.01
1352.23
1308.47
1464.01
1979.85
783.55
957.39
1983.76
1724.49
476.09
1500.45
1468.62
1526.82
1797.39
1929.36
1414.01
831.25
1702.42
1547.02
1632.84
819.6
1463.4
1056.79
1430.96
1298.9
1452.86
1872.79
1627.75
998.58
1657.83
1384.87
1221.87
1370.51
1951.56
1775.44
1506.94
1711.75
1269.2
1962.56
1653.34
1853.42
1884.3
1301.85
1508.48
1531.61
1258.45
1738.09
1778.63
1919.59
1474.01
1744.03
1917.3
653.12
1428.7
760.87
1687.55
1588.67
1630.01
1388.78
697.8
1348.98
1342.88
1469.12
1254.13
1830.94
1889.68
1260.83
1890.29
695.63
1494.93
991.47
1528.55
1228.23
1089.87
1649.64
1437.34
1234.89
704.2
1481.41
1402.53
1431.94
1760.76
1737.44
1465.29
1736.98
1628.07
1453.59
1479.54
1360.57
1310.14
1388.26
1918.51
1026.7
987.04
1839.67
749.33
1811.56
1547.06
1515.8
1270.56
1781.56
1211.77
1938.08
1863.12
1137.62
1747.23
1180.15
762.91
1377.26
839.82
1847.09
1940.75
1536.11
1453.22
1679.84
385.87
1716.97
1171.1
1323.91
1748.35
1095.5
876.45
1755.59
917.05
1397.77
1747.68
724.92
1488.38
749.44
787.95
1450.3
1687.39
1173.14
1660.87
1507.76
1162.3
1864.36
1630.99
1614.88
1647.49
1440.67
1539.9
725.43
1720.21
1852.58
815.09
716.54
911.84
1769.55
1916.76
1107.02
1968.27
1351.37
1277.69
1928.62
1114.46
1940.15
925.41
1365.69
1534.05
950.83
1752.52
1279.03
1183.79
1829.61
1345.45
1121.74
1753.72
2002.99
1411.72
1661.74
1205.74
1109.77
1141.16
1625.57
1311.97
1941.84
1579.11
1309.65
1242.38
845.65
1805.8
1595.18
1010.32
1441.09
1943.32
2169.67
776.42
1719.26
1704.93
800.36
376.59
1541.39
1329.33
1259.93
1143.37
840.16
1624.05
1731.54
1444.68
1793.39
1491.49
1345.87
1056.26
1446.87
1032.69
1135.29
1460.44
1172.86
1126.93
740.78
1005.98
1873.98
1989.36
1740.73
1913.23
1232.07
1649.86
1586.67
1077.96
1308.68
1861.98
1142.39
1629.78
1624.59
1974.25
1466.84
1338.58
1425.94
1885.12
949.85
898.34
1410.41
1522.73
1003.58
991.4
1184.92
1269.43
1654.29
1445.38
1374.54
1860.06
1512.69
1645.13
370.64
418.07
1841.77
1678.06
917.73
1822.04
857.34
1154.57
689.9
1606.52
1236.43
2002.96
896.32
1520.81
1422.61
773.31
1905.25
1167.8
720.93
1314.04
1721.33
1687.07
1265.39
1889.23
1452.54
635.66
1841.34
1991.6
1437.51
1959.4
1265.38
2122.31
1255.07
1745.28
1123.15
1333.91
880.88
1235.52
1527.41
1477.31
1300.98
1515.77
740.41
774.55
1449.18
1288.1
1910.07
1901.84
1596.34
800.83
1372.31
1107.49
926.86
1588.4
966.6
1420.63
1395.78
1419.53
1396.49
1688.66
900.74
956.75
1842.74
1364.58
1876.37
1043.89
881.8
1851.11
1129.42
1402.58
1668.81
1641.73
1196.8
269.05
1929.96
1382.68
1908.49
1372.75
1530.38
1318.81
1980.76
1743.37
1733.08
1623.97
1707.09
818.93
1899.81
1530.25
1467.13
1762.78
1876.61
1485.73
1355.56
1823.4
1816.21
1086.39
1715.52
1289.56
897.91
837.7
1525.89
1969.28
1219.98
830.33
1586.82
842.19
1590.24
1385.8
1193.35
1565.96
1532.06
1562.68
1008.86
1814.83
1288.8
1179.02
1130.85
1438.38
1540.8
1488.7
1067.47
1281.18
941.48
1845.88
1236.13
1481.84
1143.9
2101.84
1766.88
1269.93
1894.72
1260.43
1765.54
1453.24
1253.66
1501.92
1606.6
1401.0
754.51
1632.61
1316.27
855.85
1955.91
1252.27
1837.25
1124.42
1441.66
1120.62
1941.2
1520.38
1958.94
1576.76
1585.16
1619.4
1010.79
1592.55
847.82
1412.32
1112.65
1261.82
1149.82
1880.33
1789.8
1541.98
1198.34
922.81
1554.59
2068.34
1779.03
560.61
1108.71
1067.63
1568.82
1457.13
1414.87
1582.52
1433.77
369.0
1556.41
1745.23
1261.82
1629.03
1131.26
1668.99
1828.65
1170.14
636.1
2146.28
1222.55
1747.24
1703.81
1332.89
1832.9
1189.57
1590.29
1872.27
543.51
1228.94
385.3
1663.13
901.66
915.62
1873.98
1857.57
934.73
1429.3
1564.86
1978.89
1843.78
422.96
1635.56
1069.72
1946.63
1275.23
2003.91
1769.29
1962.1
1485.74
1695.25
1231.87
1458.36
689.61
1675.58
1548.73
984.99
1149.64
1587.7
1274.99
1752.57
311.99
1720.87
1699.07
1114.83
1129.86
747.2
1515.97
1168.59
1167.64
1295.74
1131.55
1511.67
1460.61
1100.95
1480.03
1539.98
1393.43
1527.17
1358.91
1771.97
1790.78
1115.58
1204.24
928.21
1605.7
893.73
716.42
1346.27
940.36
1766.03
1491.94
1060.85
1846.79
1079.12
1951.69
1267.11
1253.04
1367.18
770.3
1377.55
1329.55
1370.43
1930.06
905.07
1253.86
1321.5
1675.84
585.39
1371.85
1424.49
957.39
1902.47
1898.55
1101.38
1337.71
1117.46
1667.98
1712.53
1370.31
1281.34
825.8
1972.8
1237.26
1927.94
1219.69
1006.37
1988.47
1476.39
1532.78
1243.11
1389.54
1527.06
1297.04
1274.4
930.09
1356.94
1308.11
1417.23
1347.36
838.2
1433.9
1063.06
1371.34
1250.4
1678.95
1918.49
1650.15
1247.34
1899.67
1007.22
1635.87
1239.7
1698.1
1263.66
1223.14
1593.94
1601.6
1680.74
669.5
1120.25
1974.66
1720.39
1583.65
1371.16
1964.07
1756.28
1890.82
1604.98
1522.48
1575.41
1805.19
1520.02
1269.44
1410.27
1488.37
1278.72
824.91
1067.69
1867.84
1195.12
1725.61
1819.99
1871.96
1493.96
919.97
1470.96
1963.87
422.28
1438.89
1346.38
1626.42
1586.97
1092.39
1350.4
899.34
607.32
1275.2
1762.66
1972.93
1869.12
1851.87
1432.01
1554.59
1730.51
1892.6
926.68
1727.98
647.67
939.17
1099.85
1497.52
1041.89
1624.33
1205.81
1431.18
1608.31
1711.17
1396.02
1419.7
1680.71
1261.28
1601.73
1894.59
1660.39
1016.85
1194.76
1741.62
1267.07
1336.89
857.93
918.4
1575.3
1764.07
1036.87
869.96
1128.62
1769.42
1435.7
1291.78
988.88
1843.25
1464.26
1598.39
1672.83
1452.62
1148.97
760.29
1476.56
900.35
897.1
1758.38
2015.96
1308.16
2007.62
1035.73
1237.98
1015.79
977.35
1194.81
1150.76
1550.45
1489.63
883.84
1444.78
1891.38
1362.01
1320.82
1731.87
1445.42
1997.72
1237.83
1156.64
1429.9
1620.44
1279.71
1229.77
1557.07
1117.41
560.81
1788.21
1584.99
808.92
1162.58
1294.54
921.77
1599.73
1448.47
1073.4
1141.48
1704.02
1651.61
1696.49
1781.18
1355.68
1383.06
1605.43
1828.15
1722.68
1866.45
1833.76
1608.07
1759.55
1261.68
1486.41
1301.88
1112.66
1764.12
1366.49
1207.35
1629.04
729.02
1766.47
1208.6
990.0
1073.32
1925.43
1447.1
1505.69
1681.69
1402.84
1560.27
928.7
1321.38
984.77
1450.48
1611.17
1043.83
1378.7
1491.38
903.29
1274.59
941.23
1545.94
1849.91
1009.83
1212.28
749.47
1570.59
666.26
1195.5
776.0
1344.6
1587.65
1906.47
1960.34
1347.3
1878.49
801.93
869.02
1961.09
1643.17
1348.76
1352.41
1544.49
1288.06
1892.69
1444.69
1054.29
1960.76
2135.75
1883.3
1653.12
1499.34
754.01
1509.22
1233.54
1474.71
1482.79
1046.18
618.64
1928.12
1494.7
819.75
1466.99
1596.43
1261.48
1589.65
1887.74
1031.54
795.47
1395.53
1695.83
784.95
667.39
639.31
1727.61
1728.21
1370.26
1853.23
1239.74
1848.14
1614.31
1354.39
1498.55
1972.07
1392.72
1318.37
1547.34
948.82
732.42
1514.57
1595.3
1461.7
1606.05
925.91
1773.9
1784.38
1618.59
1997.69
1658.07
1645.75
1404.28
2122.04
1828.17
1197.12
831.82
829.04
1788.7
1023.22
1612.35
1764.38
1526.07
1233.55
1431.34
1235.32
1423.08
822.7
1355.27
1779.69
775.65
1613.3
1074.98
1690.13
1474.42
1126.17
809.6
1360.13
1390.51
1474.71
1541.68
1265.61
1632.42
1352.62
1429.21
1396.91
1814.33
998.79
1876.58
1684.52
1636.43
663.94
655.17
1961.12
1100.83
840.81
1563.69
1084.01
1658.05
1690.64
1546.25
1750.89
1598.99
1570.3
1904.63
1714.4
1306.09
1400.48
1447.05
1528.54
1100.75
1132.71
1522.9
1314.2
1266.23
1510.32
1682.68
1178.62
1613.56
1802.83
650.77
762.27
1749.64
1312.01
1420.64
1735.76
1595.38
1224.67
1042.91
1712.42
1345.59
976.37
1855.79
1411.54
1781.18
1408.09
1475.77
1252.57
1456.76
1683.63
1772.44
1977.41
1030.87
658.55
1279.48
1456.59
933.74
776.32
1741.01
1199.62
1835.43
1238.1
1731.76
1883.95
1602.64
1033.46
1500.79
1660.68
1062.97
792.83
619.94
1225.72
1749.14
1680.42
669.2
1399.83
1464.92
1664.95
1562.54
1929.59
2034.11
1808.79
1456.78
1987.04
991.82
1092.66
492.68
1709.08
1485.84
1284.32
1530.14
1530.92
2036.36
1811.92
1794.93
1460.63
1352.02
1434.2
1607.97
1896.39
1947.44
1215.27
874.11
1627.5
1488.89
1254.94
1429.88
1456.37
1854.15
1143.0
1052.21
1372.05
483.62
1525.9
1589.44
1564.28
1386.23
1247.17
1204.13
1409.32
1023.44
599.49
1556.21
906.86
1653.09
988.61
1811.08
979.38
1857.58
1885.02
1733.29
1594.15
1875.79
1266.09
1992.04
549.92
1258.38
2094.3
1059.31
1280.21
1449.64
1564.63
505.82
1489.35
1493.33
1242.64
1942.94
1925.5
457.88
1528.08
506.2
1517.3
1389.52
1606.39
1393.4
1797.48
1870.49
553.36
280.77
1389.82
1222.72
1260.74
1259.76
775.14
1722.05
915.35
1807.31
1505.93
869.26
811.78
1189.55
1638.27
1655.24
834.46
1657.11
1492.35
1131.14
585.94
781.02
1525.44
1304.32
1104.32
1341.89
905.53
1600.04
678.52
1286.95
1736.13
1653.01
1884.45
1613.64
1369.11
886.77
1809.74
753.88
1560.25
1170.73
1577.44
1310.97
1242.31
1485.62
1464.26
1498.37
1415.03
1894.62
1826.91
1847.27
858.88
1825.21
1326.01
1450.49
1918.71
1631.58
1688.9
855.33
1242.86
1335.23
1832.97
1381.11
1670.85
1760.31
844.07
1497.02
1645.61
1872.24
1076.94
1030.92
887.88
1418.5
2095.91
991.86
1884.51
1518.81
1203.53
764.28
1682.69
864.23
1525.3
695.79
1117.26
1198.13
1293.68
1732.74
1897.29
1016.3
1655.05
912.67
684.23
1447.44
1151.57
722.93
1519.07
1811.97
1259.2
1478.84
1253.87
1191.56
1458.18
1492.08
1175.64
1319.39
1380.57
509.03
672.78
1615.93
1236.39
1145.18
1051.84
1389.33
1002.95
923.66
1686.43
846.89
979.75
1323.14
1569.63
1542.64
1143.81
1590.5
1556.37
1545.33
1417.41
1943.38
1381.02
1619.56
1846.62
1053.51
1632.12
1455.11
1769.86
1423.75
1263.74
1698.75
1296.82
1834.77
1891.99
1847.29
1818.15
1588.2
1360.54
1569.21
1678.1
1363.91
1395.01
1029.14
1586.43
2010.69
1815.82
1951.77
1347.11
949.92
1399.68
1629.68
1591.99
1821.81
647.16
1407.63
584.57
1322.31
1910.96
1480.84
1593.13
1054.43
911.45
1634.6
1316.22
1395.92
1458.78
1254.5
1962.74
1670.84
718.45
1248.48
1701.56
1283.22
1361.2
1472.16
1312.44
1090.03
705.29
627.78
1876.88
940.33
1718.11
1889.68
1593.49
1575.33
1884.15
829.62
1241.5
1489.64
1321.22
1307.51
723.47
1773.5
1644.65
1412.01
532.0
1148.76
1568.36
1491.54
1111.47
1834.53
925.4
818.39
1295.69
1252.78
1807.61
1302.51
1143.4
1821.25
1951.85
1588.13
1394.69
1052.23
650.58
1619.29
1354.61
1772.29
497.16
1758.47
1557.02
1747.42
1565.48
1806.83
970.51
735.04
1785.19
1669.13
1659.35
1462.49
1237.08
1442.2
1072.25
819.03
1904.19
1056.57
1315.6
1447.13
1020.98
1067.62
1608.28
1986.1
1295.48
578.26
1368.11
987.53
1592.01
1516.76
1254.78
1751.84
1456.06
1608.49
1903.68
1618.06
1110.4
1550.36
2131.79
1271.85
1510.99
1458.08
1230.46
1277.04
1449.91
923.58
1526.75
843.95
1376.19
995.08
1267.2
1457.55
756.26
1329.56
1976.86
861.76
1954.34
1038.46
1158.79
962.13
1583.1
1985.46
1402.55
1520.19
1292.55
1050.89
832.77
1843.47
1248.18
1873.75
1648.75
1649.48
1053.75
1462.6
1455.45
1766.41
1231.06
1414.25
1581.78
811.2
1845.76
1808.01
1837.32
1730.55
1861.79
1094.41
1758.38
361.66
1373.6
1096.59
1366.8
823.21
1971.96
1382.45
1380.15
1022.98
1840.94
927.5
197.58
899.72
1083.67
1876.92
1997.76
1806.02
1630.23
1812.5
1201.54
1621.82
1016.3
1243.37
1497.07
888.27
894.81
1697.89
1209.22
797.95
1403.37
1664.81
1426.84
1683.74
1823.78
1250.08
1958.93
1649.15
1489.86
1746.7
1422.24
1207.3
834.25
1060.46
628.91
1673.96
1605.39
1585.67
1444.21
1270.3
1238.03
1272.92
702.51
1699.75
1747.15
1452.17
1868.81
1515.23
1262.1
1959.23
872.84
1276.9
871.48
1505.25
1356.27
1002.82
1143.27
1795.06
1550.61
1602.79
1440.22
775.03
1998.26
951.84
1313.15
1437.92
1233.84
1497.37
1348.44
1345.12
1194.34
953.75
2002.31
1620.24
834.67
1833.84
1352.07
1413.6
633.15
1749.84
1515.5
504.83
1211.68
1471.11
327.19
1388.83
1364.55
1305.6
1675.45
1418.62
1242.0
1697.02
1989.41
649.61
1609.23
669.32
1566.92
1365.88
1257.57
1939.0
1782.35
1718.64
1448.43
1429.03
1911.14
1067.4
1749.08
1353.36
1395.1
1260.11
1722.06
403.31
1040.81
981.72
898.53
1843.94
819.1
1133.93
1903.98
1454.23
1316.77
378.55
1285.6
1044.92
1016.44
1109.84
827.95
1572.61
1604.69
1946.31
1415.33
1786.37
895.34
1573.44
1229.51
1637.17
1483.06
2028.93
1224.21
1466.78
1387.34
1217.47
2005.32
1753.21
1540.91
989.41
1684.33
894.84
1400.9
910.03
1673.89
1484.85
1265.86
1485.93
1656.21
1992.65
1624.56
347.88
1567.58
1670.53
1395.59
981.41
1498.03
1483.65
1211.3
987.76
1933.76
1567.86
1515.4
1945.57
1946.82
1454.41
1287.67
1563.95
1560.44
1326.98
501.43
1626.32
1795.55
1251.01
1215.02
1791.0
728.57
583.54
651.89
1840.77
1194.58
